100k[5000949744, 5000953483, 5000953070, 5000959982, 5000950406, 5000950401, 5000955702, 5000956909, 5000956382, 5000953109, 5000951466, 5000961223, 5000957763, 5000955180, 5000957808, 5000957589, 5000946236, 5000959715, 5000947893, 5000952194, 5000951402, 5000961741, 5000950860, 5000951281, 5000966019, 5000963593, 5000958270, 5000959107, 5000957706, 5000957214]
100k[2437, 1369, 1365, 1365, 1366, 1374, 1431, 1493, 1515, 1474, 1457, 1369, 1374, 1376, 1365, 1365, 1364, 1365, 1369, 1367, 1363, 1362, 1375, 1370, 1368, 1364, 1377, 1362, 1363, 1371]
100k[4985065200, 4979851602, 4988322622, 5021829524, 5001900840, 4979635002, 4994361938, 5009442740, 5007518848, 4996295436, 5001380680, 5012965874, 4996395730, 4997039068, 4999768236, 5008923504, 5006972406, 4987460356, 5013180754, 4975115150, 4992367088, 5011341012, 4988046936, 5002594344, 4982239600, 4979424540, 5010719164, 5015199978, 4999539180, 5004427040]
100k[1790, 1833, 1782, 1806, 1785, 1775, 1782, 1785, 1785, 1788, 1785, 1788, 1778, 1783, 1785, 1788, 1788, 1783, 1789, 1775, 1790, 1796, 1781, 1782, 1786, 1785, 1793, 1793, 1788, 1787]
100k[7498601553, 7508509902, 7491573702, 7503780044, 7491573275, 7498321237, 7506892379, 7497601704, 7492514852, 7498271840, 7497579559, 7495029633, 7504031472, 7497522641, 7502059132, 7501250138, 7489688894, 7503650571, 7500341863, 7491928726, 7502726329, 7501251477, 7507388462, 7499621401, 7497255557, 7502588657, 7495647673, 7503583814, 7490941651, 7507667939]
100k[10150, 10133, 8822, 8823, 8813, 8819, 8849, 8842, 8818, 8829, 8841, 8826, 8841, 8813, 8816, 8832, 8821, 8801, 8821, 8822, 8792, 8827, 9044, 8823, 8854, 8871, 8861, 8855, 8815, 8833]
100k[78390, 28619, 37072, 70686, 26247, 51931, 79114, 84797, 57986, 39406, 61070, 92342, 78264, 79873, 53561, 88305, 5923, 83090, 59394, 42508, 38243, 69349, 60434, 93139, 88495, 69989, 67629, 33566, 63797, 94443]
100k[1, 0, 1, 0, 0, 0, 0, 0, 0, 0, 0, 0, 0, 0, 0, 0, 0, 0, 0, 0, 0, 0, 0, 0, 0, 0, 0, 0, 1, 0]
100k[16, 16, 13, 15, 16, 16, 13, 15, 15, 15, 13, 15, 14, 16, 16, 12, 16, 17, 16, 17, 17, 17, 17, 16, 16, 17, 16, 16, 17, 16]
100k[1781, 1786, 1792, 1782, 1800, 1793, 1790, 1785, 1792, 1782, 1785, 1793, 1787, 1788, 1781, 1789, 1802, 1803, 1795, 1790, 1790, 1779, 1785, 1794, 1782, 1786, 1792, 1792, 1793, 1785]

200k[20002043099, 20002038299, 20002050430, 20002047610, 20002046250, 20002055051, 20002060507, 20002068570, 20002069419, 20002048794, 20002044026, 20002058373, 20002041817, 20002060060, 20002051786, 20002040033, 20002054369, 20002039795, 20002061862, 20002053178, 20002059535, 20002050851, 20002051267, 20002041664, 20002043904, 20002054628, 20002055535, 20002052446, 20002050017, 20002043508]
200k[5476, 5451, 5450, 5467, 5469, 5455, 5458, 5456, 5472, 5461, 5456, 5446, 5447, 5465, 5448, 5457, 5446, 5458, 5449, 5444, 5464, 5449, 5467, 5465, 5447, 5462, 5461, 5465, 5483, 5475]
200k[19988821970, 20025262790, 20013035874, 19986833192, 20013392466, 20019097580, 20005762442, 20041355228, 20014447800, 20038874818, 19978373340, 20058205754, 20005521926, 20000523440, 19968593340, 20002860924, 20012867530, 20003680116, 20006445670, 19989833520, 20017484094, 20002588446, 20007628794, 20010900476, 20001575478, 19960726754, 20054839450, 19978509796, 20038934484, 19973303484]
200k[7176, 7178, 7184, 7169, 7171, 7181, 7173, 7189, 7177, 7169, 7153, 7176, 7162, 7161, 7147, 7159, 7155, 7163, 7138, 7176, 7162, 7151, 7200, 7148, 7141, 7126, 7171, 7153, 7170, 7127]
200k[29987793958, 30009210588, 29993066858, 29994519537, 29988943300, 30003834139, 30004219907, 30025821242, 30015501903, 29995776949, 30003051199, 29997728515, 30003143318, 29993223916, 30013068487, 30001148378, 29975853011, 29994107242, 29980552691, 30016946093, 29992677351, 29977819681, 30001261092, 30020568159, 29986082250, 30012026206, 30006131872, 29984673410, 30023572460, 30000977840]
200k[36386, 36443, 36472, 36494, 36409, 36455, 36362, 36436, 36508, 36488, 36413, 36402, 36347, 36420, 36360, 36401, 36329, 36452, 36380, 36538, 36399, 36432, 36415, 36447, 36436, 36387, 36495, 36348, 36381, 36375]
200k[50289, 17429, 40463, 197018, 94654, 65126, 87627, 132163, 33582, 126742, 78738, 88030, 175097, 56446, 11714, 25053, 131639, 18919, 193176, 136329, 61146, 139782, 199156, 191530, 105640, 162647, 28581, 188531, 130079, 191387]
200k[0, 0, 0, 0, 0, 0, 0, 0, 0, 0, 0, 0, 0, 0, 0, 0, 0, 0, 1, 0, 0, 0, 0, 0, 0, 0, 0, 0, 0, 0]
200k[18, 18, 17, 18, 18, 17, 15, 18, 18, 17, 17, 17, 11, 17, 16, 18, 18, 18, 17, 18, 16, 17, 18, 16, 18, 17, 15, 17, 18, 15]
200k[7159, 7128, 7159, 7130, 7165, 7143, 7167, 7169, 7157, 7138, 7184, 7157, 7160, 7147, 7179, 7148, 7154, 7182, 7189, 7167, 7129, 7141, 7161, 7167, 7150, 7166, 7140, 7171, 7157, 7155]

400k[80004371451, 80004378423, 80004356190, 80004375526, 80004412624, 80004383322, 80004396974, 80004365450, 80004354800, 80004386414, 80004382415, 80004402278, 80004386637, 80004356323, 80004389450, 80004389726, 80004379919, 80004364915, 80004391380, 80004370987, 80004373938, 80004380497, 80004368935, 80004386738, 80004388115, 80004350536, 80004379869, 80004392463, 80004382465, 80004357656]
400k[21843, 21809, 21765, 21718, 21787, 21803, 21815, 21850, 21816, 21783, 21845, 21805, 21778, 21833, 21866, 21801, 21813, 21859, 21827, 21843, 21806, 21808, 21823, 21847, 21874, 21847, 21877, 21821, 21885, 21813]
400k[79971919542, 80082889002, 79994030862, 80026767580, 79934629652, 80107889688, 79963013244, 80064671228, 79894407032, 79991878560, 80109895582, 79911682372, 79914843304, 79957434562, 79944286078, 79996919634, 80073451164, 79981664492, 79970764566, 79947526854, 79861457440, 79902932482, 80091007522, 79891498988, 79959339782, 79878024380, 79951042876, 80093609572, 79962066174, 80032106018]
400k[28655, 28714, 28760, 28709, 28701, 28718, 28649, 28680, 28615, 28666, 28654, 28607, 28625, 28664, 28638, 28654, 28693, 28641, 28651, 28677, 28651, 28669, 28677, 28638, 28657, 28607, 28656, 28760, 28722, 28664]
400k[120014190068, 119958844809, 119985519627, 119936597784, 120020229260, 120041434066, 119967249751, 119929269814, 120033395966, 119986757344, 120001818327, 120020338505, 120020039232, 119954111097, 120005832917, 119953765559, 120099098541, 120025939420, 120052166547, 120022859923, 120076662818, 120054715679, 119975749827, 119988206375, 119975828642, 119936065291, 119939666164, 119979065504, 120010501627, 119950917779]
400k[146898, 147037, 146844, 146903, 146880, 146906, 147096, 147152, 147167, 147029, 147128, 147204, 146885, 147007, 147007, 147095, 147145, 147014, 147257, 146974, 147287, 146942, 146977, 147108, 146698, 147065, 146985, 146927, 146736, 146956]
400k[134327, 316627, 286037, 239317, 225366, 15330, 285252, 335940, 332325, 138498, 238775, 332575, 354574, 221818, 223324, 128221, 381203, 319520, 259539, 313715, 352644, 201338, 212682, 119883, 157071, 152436, 285170, 335565, 259713, 346460]
400k[0, 0, 0, 0, 0, 0, 0, 0, 0, 0, 0, 0, 0, 0, 0, 0, 1, 1, 1, 0, 0, 0, 0, 0, 0, 0, 0, 0, 0, 0]
400k[18, 18, 17, 15, 18, 19, 19, 17, 18, 18, 17, 19, 18, 19, 18, 12, 19, 19, 16, 19, 19, 17, 15, 19, 18, 17, 19, 18, 19, 18]
400k[28692, 28662, 28605, 28620, 28654, 28669, 28688, 28679, 28703, 28703, 28742, 28680, 28632, 28642, 28661, 28655, 28667, 28553, 28697, 28636, 28635, 28676, 28561, 28673, 28626, 28677, 28672, 28687, 28631, 28587]

800k[320009294611, 320009322305, 320009328595, 320009371946, 320009269680, 320009280804, 320009337276, 320009297549, 320009314145, 320009336551, 320009354675, 320009296890, 320009375346, 320009294128, 320009337407, 320009288246, 320009317885, 320009264898, 320009343281, 320009312888, 320009314521, 320009334500, 320009258974, 320009310359, 320009333768, 320009325853, 320009310020, 320009315658, 320009314661, 320009291272]
800k[87297, 87368, 87267, 87298, 87252, 87264, 87338, 87246, 87174, 87281, 87158, 87309, 87452, 87515, 87374, 87400, 87443, 87368, 87389, 87327, 87221, 87195, 87215, 87210, 87257, 87354, 87437, 87402, 87370, 87374]
800k[319895845476, 319896379838, 319535699512, 319867789476, 319561799316, 319906598086, 320013629290, 320039746100, 319650030512, 319813949408, 319854134546, 320120364036, 320194269944, 320428132276, 320291002578, 319595461270, 319775793446, 319767149156, 320499608422, 319857259332, 319950889038, 320156396552, 319933896512, 320717847998, 319925393318, 319965062606, 319649241976, 320177678368, 319834874430, 320406428904]
800k[114622, 114698, 114519, 114744, 114612, 114761, 114684, 114687, 114630, 114619, 114565, 114736, 114841, 114886, 114881, 114667, 114625, 114621, 115385, 114817, 114745, 114779, 114709, 115061, 114766, 114749, 114638, 115079, 114719, 114824]
